# Blender 3.3.0
# www.blender.org
mtllib tremplin.mtl
o Cube
v 0.576018 0.100000 -1.500000
v 0.576018 -0.100000 -1.500000
v 0.576018 0.100000 1.500000
v 0.576018 -0.100000 1.500000
v -0.023982 0.100000 -1.500000
v -0.023982 -0.100000 -1.500000
v -0.023982 0.100000 1.500000
v -0.023982 -0.100000 1.500000
vn -0.0000 1.0000 -0.0000
vn -0.0000 -0.0000 1.0000
vn -1.0000 -0.0000 -0.0000
vn -0.0000 -1.0000 -0.0000
vn 1.0000 -0.0000 -0.0000
vn -0.0000 -0.0000 -1.0000
s 0
usemtl Bois.001
f 5//1 3//1 1//1
f 3//2 8//2 4//2
f 7//3 6//3 8//3
f 2//4 8//4 6//4
f 1//5 4//5 2//5
f 5//6 2//6 6//6
f 5//1 7//1 3//1
f 3//2 7//2 8//2
f 7//3 5//3 6//3
f 2//4 4//4 8//4
f 1//5 3//5 4//5
f 5//6 1//6 2//6
o Cube.001
v 0.022940 0.094574 -1.500000
v -0.015158 -0.101764 -1.500000
v 0.022940 0.094574 1.500000
v -0.015158 -0.101764 1.500000
v -0.566074 0.208868 -1.500000
v -0.604172 0.012530 -1.500000
v -0.566074 0.208868 1.500000
v -0.604172 0.012530 1.500000
vn 0.1905 0.9817 -0.0000
vn -0.0000 -0.0000 1.0000
vn -0.9817 0.1905 -0.0000
vn -0.1905 -0.9817 -0.0000
vn 0.9817 -0.1905 -0.0000
vn -0.0000 -0.0000 -1.0000
s 0
usemtl Bois
f 13//7 11//7 9//7
f 11//8 16//8 12//8
f 15//9 14//9 16//9
f 10//10 16//10 14//10
f 9//11 12//11 10//11
f 13//12 10//12 14//12
f 13//7 15//7 11//7
f 11//8 15//8 16//8
f 15//9 13//9 14//9
f 10//10 12//10 16//10
f 9//11 11//11 12//11
f 13//12 9//12 10//12
o Cube.002
v -0.511575 0.192012 -1.500000
v -0.569119 0.000469 -1.500000
v -0.511575 0.192012 1.500000
v -0.569119 0.000469 1.500000
v -1.086204 0.364643 -1.500000
v -1.143748 0.173100 -1.500000
v -1.086204 0.364643 1.500000
v -1.143748 0.173100 1.500000
vn 0.2877 0.9577 -0.0000
vn -0.0000 -0.0000 1.0000
vn -0.9577 0.2877 -0.0000
vn -0.2877 -0.9577 -0.0000
vn 0.9577 -0.2877 -0.0000
vn -0.0000 -0.0000 -1.0000
s 0
usemtl Bois.001
f 21//13 19//13 17//13
f 19//14 24//14 20//14
f 23//15 22//15 24//15
f 18//16 24//16 22//16
f 17//17 20//17 18//17
f 21//18 18//18 22//18
f 21//13 23//13 19//13
f 19//14 23//14 24//14
f 23//15 21//15 22//15
f 18//16 20//16 24//16
f 17//17 19//17 20//17
f 21//18 17//18 18//18
o Cube.003
v -1.039177 0.346156 -1.500000
v -1.122008 0.164115 -1.500000
v -1.039177 0.346156 1.500000
v -1.122008 0.164115 1.500000
v -1.585301 0.594649 -1.500000
v -1.668132 0.412608 -1.500000
v -1.585301 0.594649 1.500000
v -1.668132 0.412608 1.500000
vn 0.4142 0.9102 -0.0000
vn -0.0000 -0.0000 1.0000
vn -0.9102 0.4142 -0.0000
vn -0.4142 -0.9102 -0.0000
vn 0.9102 -0.4142 -0.0000
vn -0.0000 -0.0000 -1.0000
s 0
usemtl Bois
f 29//19 27//19 25//19
f 27//20 32//20 28//20
f 31//21 30//21 32//21
f 26//22 32//22 30//22
f 25//23 28//23 26//23
f 29//24 26//24 30//24
f 29//19 31//19 27//19
f 27//20 31//20 32//20
f 31//21 29//21 30//21
f 26//22 28//22 32//22
f 25//23 27//23 28//23
f 29//24 25//24 26//24
o Cube.004
v -1.489758 -0.958760 -1.122440
v -1.489758 0.434616 -1.122440
v -1.489758 -0.958760 -1.325215
v -1.489758 0.434616 -1.325215
v -1.280780 -0.958760 -1.122440
v -1.280780 0.434616 -1.122440
v -1.280780 -0.958760 -1.325215
v -1.280780 0.434616 -1.325215
vn -1.0000 -0.0000 -0.0000
vn -0.0000 -0.0000 -1.0000
vn 1.0000 -0.0000 -0.0000
vn -0.0000 -0.0000 1.0000
vn -0.0000 -1.0000 -0.0000
vn -0.0000 1.0000 -0.0000
s 0
usemtl Bois
f 34//25 35//25 33//25
f 36//26 39//26 35//26
f 40//27 37//27 39//27
f 38//28 33//28 37//28
f 39//29 33//29 35//29
f 36//30 38//30 40//30
f 34//25 36//25 35//25
f 36//26 40//26 39//26
f 40//27 38//27 37//27
f 38//28 34//28 33//28
f 39//29 37//29 33//29
f 36//30 34//30 38//30
o Cube.005
v -1.489758 -0.958760 1.336085
v -1.489758 0.434616 1.336085
v -1.489758 -0.958760 1.133311
v -1.489758 0.434616 1.133311
v -1.280780 -0.958760 1.336085
v -1.280780 0.434616 1.336085
v -1.280780 -0.958760 1.133311
v -1.280780 0.434616 1.133311
vn -1.0000 -0.0000 -0.0000
vn -0.0000 -0.0000 -1.0000
vn 1.0000 -0.0000 -0.0000
vn -0.0000 -0.0000 1.0000
vn -0.0000 -1.0000 -0.0000
vn -0.0000 1.0000 -0.0000
s 0
usemtl Bois
f 42//31 43//31 41//31
f 44//32 47//32 43//32
f 48//33 45//33 47//33
f 46//34 41//34 45//34
f 47//35 41//35 43//35
f 44//36 46//36 48//36
f 42//31 44//31 43//31
f 44//32 48//32 47//32
f 48//33 46//33 45//33
f 46//34 42//34 41//34
f 47//35 45//35 41//35
f 44//36 42//36 46//36
o Cube.006
v -1.530791 0.553113 -1.500000
v -1.649863 0.392421 -1.500000
v -1.530791 0.553113 1.500000
v -1.649863 0.392421 1.500000
v -2.012866 0.910329 -1.500000
v -2.131938 0.749637 -1.500000
v -2.012866 0.910329 1.500000
v -2.131938 0.749637 1.500000
vn 0.5954 0.8035 -0.0000
vn -0.0000 -0.0000 1.0000
vn -0.8035 0.5954 -0.0000
vn -0.5954 -0.8035 -0.0000
vn 0.8035 -0.5954 -0.0000
vn -0.0000 -0.0000 -1.0000
s 0
usemtl Bois.001
f 53//37 51//37 49//37
f 51//38 56//38 52//38
f 55//39 54//39 56//39
f 50//40 56//40 54//40
f 49//41 52//41 50//41
f 53//42 50//42 54//42
f 53//37 55//37 51//37
f 51//38 55//38 56//38
f 55//39 53//39 54//39
f 50//40 52//40 56//40
f 49//41 51//41 52//41
f 53//42 49//42 50//42
